Estación:       P. ALLENDE,  GTO
Operada por:    SMN EMAS
Longitud:       100°49'29"  Latitud: 20°50'54"  Altitud: 1915

DD/MM/AAAA HH:MM      DIRS      DIRR      VELS      VELR      TEMP        HR        PB      PREC   RAD-SOL
28/01/2019 20:00       288       300      0.53      2.20      22.8        16     815.1       0.0     786.7
28/01/2019 21:00       251       259      0.27      2.20      23.3        16     814.4       0.0     638.0
28/01/2019 22:00       281       243      0.27      2.20      23.7        15     814.0       0.0     441.0
28/01/2019 23:00         0       243      0.00      0.00      23.2        16     814.0       0.0     202.5
29/01/2019 00:00         0       243      0.00      0.00      20.5        16     814.5       0.0      19.5
29/01/2019 01:00         0       243      0.00      0.00      16.5        24     815.0       0.0       0.0
29/01/2019 02:00         0       243      0.00      0.00      15.7        30     815.9       0.0       0.0
29/01/2019 03:00         0       243      0.00      0.00      14.1        35     816.5       0.0       0.0
29/01/2019 04:00         0       243      0.00      0.00      13.6        31     816.8       0.0       0.0
29/01/2019 05:00         0       243      0.00      0.00      13.9        31     817.2       0.0       0.0
29/01/2019 06:00       194       189      0.27      2.20      14.4        30     817.3       0.0       0.0
29/01/2019 07:00         0       189      0.00      0.00      13.8        32     817.5       0.0       0.0
29/01/2019 08:00         0       189      0.00      0.00      12.9        36     817.5       0.0       0.0
29/01/2019 09:00         0       189      0.00      0.00      11.1        45     817.4       0.0       0.0
29/01/2019 10:00         0       189      0.00      0.00       9.5        51     817.4       0.0       0.0
29/01/2019 11:00         0       189      0.00      0.00       7.2        56     817.7       0.0       0.0
29/01/2019 12:00         0       189      0.00      0.00       5.8        55     818.3       0.0       0.0
29/01/2019 13:00         0       189      0.00      0.00       4.9        56     818.8       0.0      11.0
29/01/2019 14:00         0       189      0.00      0.00       8.5        44     819.4       0.0     188.5
29/01/2019 15:00         0       189      0.00      0.00      10.2        42     819.8       0.0     413.3
29/01/2019 16:00         0       189      0.00      0.00      12.5        40     819.9       0.0     608.7
29/01/2019 17:00         0       189      0.00      0.00      14.8        38     819.1       0.0     764.7
29/01/2019 18:00         0       189      0.00      0.00      17.9        34     817.8       0.0     830.7
29/01/2019 19:00         0       189      0.00      0.00      19.9        30     816.5       0.0     824.0
29/01/2019 20:00         0       238      0.00      2.20      22.0        23     815.4       0.0     752.3
29/01/2019 21:00         0       238      0.00      0.00      22.7        19     814.6       0.0     619.0
29/01/2019 22:00         0       238      0.00      0.00      22.7        21     814.2       0.0     415.8
29/01/2019 23:00         0       238      0.00      0.00      22.1        23     814.1       0.0     198.0
30/01/2019 00:00         0       238      0.00      0.00      20.4        24     814.2       0.0      19.3
30/01/2019 01:00         0       238      0.00      0.00      17.3        34     814.7       0.0       0.0
30/01/2019 02:00         0       238      0.00      0.00      15.2        45     815.4       0.0       0.0
30/01/2019 03:00         0       238      0.00      0.00      16.9        34     816.2       0.0       0.0
30/01/2019 04:00         0       238      0.00      0.00      13.8        47     816.8       0.0       0.0
30/01/2019 05:00         0       238      0.00      0.00      10.7        57     817.3       0.0       0.0
30/01/2019 06:00         0       238      0.00      0.00       9.5        61     817.4       0.0       0.0
30/01/2019 07:00         0       238      0.00      0.00       8.2        66     817.5       0.0       0.0
30/01/2019 08:00         0       238      0.00      0.00       7.0        70     817.2       0.0       0.0
30/01/2019 09:00         0       238      0.00      0.00       6.0        75     816.9       0.0       0.0
30/01/2019 10:00         0       238      0.00      0.00       4.9        77     816.7       0.0       0.0
30/01/2019 11:00         0       238      0.00      0.00       4.3        78     816.9       0.0       0.0
30/01/2019 12:00         0       238      0.00      0.00       4.0        81     817.0       0.0       0.0
30/01/2019 13:00         0       238      0.00      0.00       3.5        84     817.6       0.0      11.2
30/01/2019 14:00         0       238      0.00      0.00       5.9        79     818.1       0.0     172.0
30/01/2019 15:00         0       238      0.00      0.00       8.4        71     818.6       0.0     428.3
30/01/2019 16:00         0       238      0.00      0.00      11.8        61     818.6       0.0     632.7
30/01/2019 17:00       234       215      0.53      2.20      18.7        26     818.1       0.0     799.7
30/01/2019 18:00       215       177      1.06      2.20      20.6        22     817.5       0.0     865.5
30/01/2019 19:00       236       186      1.08      5.60      21.5        17     816.7       0.0     856.3
30/01/2019 20:00       256       237      0.53      2.20      22.4        17     815.9       0.0     783.2
30/01/2019 21:00       249       209      1.60      2.20      22.9        16     815.3       0.0     644.7
30/01/2019 22:00         0       221      0.00      0.00      23.1        16     814.8       0.0     455.2
30/01/2019 23:00       235       269      0.27      2.20      22.5        15     814.8       0.0     220.3
31/01/2019 00:00         0       269      0.00      0.00      20.7        16     815.2       0.0      25.8
31/01/2019 01:00         0       269      0.00      0.00      17.7        27     815.7       0.0       0.0
31/01/2019 02:00         0       269      0.00      0.00      16.2        27     816.3       0.0       0.0
31/01/2019 03:00         0       269      0.00      0.00      16.1        27     817.2       0.0       0.0
31/01/2019 04:00         0       269      0.00      0.00      14.7        37     817.6       0.0       0.0
31/01/2019 05:00         0       269      0.00      0.00      14.2        38     817.8       0.0       0.0
31/01/2019 06:00         0       269      0.00      0.00      12.8        42     817.8       0.0       0.0
31/01/2019 07:00         0       269      0.00      0.00      11.9        48     817.7       0.0       0.0
31/01/2019 08:00         0       269      0.00      0.00      11.3        54     817.2       0.0       0.0
31/01/2019 09:00         0       269      0.00      0.00      12.0        52     816.8       0.0       0.0
31/01/2019 10:00         0       269      0.00      0.00      11.9        50     816.8       0.0       0.0
31/01/2019 11:00         0       269      0.00      0.00      11.1        54     816.9       0.0       0.0
31/01/2019 12:00         0       269      0.00      0.00      10.5        55     817.3       0.0       0.0
31/01/2019 13:00         0       269      0.00      0.00      10.3        56     818.0       0.0      13.0
31/01/2019 14:00         0       269      0.00      0.00      13.3        43     819.0       0.0     206.7
31/01/2019 15:00         0       269      0.00      0.00      15.4        35     819.5       0.0     410.7
31/01/2019 16:00         0       269      0.00      0.00      17.1        31     819.8       0.0     623.7
31/01/2019 17:00         0       269      0.00      0.00      19.7        24     819.6       0.0     805.2
31/01/2019 18:00         0       247      0.00      2.20      20.9        21     818.9       0.0     812.2
31/01/2019 19:00       182       173      0.27      2.20      21.7        17     817.9       0.0     796.3
31/01/2019 20:00       221       232      0.80      2.20      22.4        18     817.1       0.0     676.5
31/01/2019 21:00       257       246      0.27      2.20      22.9        18     816.7       0.0     553.3
31/01/2019 22:00       237       267      0.52      4.50      22.5        18     816.3       0.0     397.0
31/01/2019 23:00       234       204      0.27      2.20      22.4        17     816.0       0.0     241.3
01/02/2019 00:00         0       204      0.00      0.00      20.6        18     815.3       0.0      25.8
01/02/2019 01:00         0       204      0.00      0.00      18.0        27     816.8       0.0       0.0
01/02/2019 02:00         0       204      0.00      0.00      16.4        38     817.4       0.0       0.0
01/02/2019 03:00         0       204      0.00      0.00      15.2        39     818.1       0.0       0.0
01/02/2019 04:00         0       204      0.00      0.00      14.3        41     818.6       0.0       0.0
01/02/2019 05:00         0       204      0.00      0.00      13.1        54     819.0       0.0       0.0
01/02/2019 06:00         0       204      0.00      0.00      12.9        57     818.8       0.0       0.0
01/02/2019 07:00         0       204      0.00      0.00      11.4        60     818.7       0.0       0.0
01/02/2019 08:00         0       204      0.00      0.00                  68     818.4       0.0       0.0